20.336978912353516 2257.790771484375 564.7954711914062 0.06746166199445724 -0.7257819771766663 0.6820645332336426 -0.058969952166080475
49.207000732421875 2082.96923828125 478.1399841308594 0.021660683676600456 -0.7260526418685913 0.6795932650566101 -0.1026226356625557
48.5523796081543 1980.6297607421875 528.820068359375 0.007822385057806969 -0.7263436317443848 0.6775320768356323 -0.11538621038198471
46.666439056396484 1992.2294921875 527.1062622070312 0.02323080226778984 -0.7471250891685486 0.6578047275543213 -0.09250622242689133
2.3680694103240967 1989.3768310546875 524.7693481445312 0.05383184552192688 0.6790755391120911 -0.7318395972251892 0.01921791210770607
-129.23509216308594 1940.063720703125 733.8024291992188 0.12275486439466476 0.6698448657989502 -0.7259309887886047 0.09624609351158142
295.5151672363281 1966.8216552734375 510.55706787109375 0.4568159580230713 0.5205458998680115 -0.5637378692626953 -0.4500563442707062
331.0456237792969 2080.68701171875 567.0238037109375 0.4219421148300171 0.43883582949638367 -0.5708264112472534 -0.5509493350982666
296.9041748046875 1950.0501708984375 233.22137451171875 0.37496232986450195 0.5237563252449036 -0.4902459383010864 -0.5871468782424927
296.6596374511719 1945.6961669921875 223.66876220703125 0.3378234803676605 0.5693230032920837 -0.4630550444126129 -0.5893442630767822
312.63189697265625 2007.6331787109375 183.14915466308594 0.3125402629375458 0.5867317914962769 -0.44446849822998047 -0.6004266738891602
230.18763732910156 1902.216552734375 115.6552505493164 0.35940021276474 0.5662098526954651 -0.4648837447166443 -0.5780320167541504
235.93136596679688 1932.03955078125 125.5289306640625 0.2831994593143463 0.5469133257865906 -0.4614205062389374 -0.638572633266449
454.0658874511719 1984.68115234375 17.952878952026367 0.35620343685150146 0.6431018114089966 -0.3886474370956421 -0.5554208755493164
378.91595458984375 1843.0457763671875 190.8741455078125 0.3921688497066498 0.6228417158126831 -0.4021412432193756 -0.544567883014679
199.49078369140625 1799.7998046875 257.44091796875 0.36271214485168457 -0.6463330984115601 0.5593379139900208 -0.37126076221466064
199.52098083496094 1799.8570556640625 142.53753662109375 0.362732470035553 -0.6463409662246704 0.5593214631080627 -0.3712519705295563
213.6324005126953 1801.4375 177.60757446289062 0.40890511870384216 -0.6187226176261902 0.510011613368988 -0.4357374310493469
214.90257263183594 1772.485595703125 202.7028350830078 0.3802218437194824 -0.5951719284057617 0.5488158464431763 -0.44721680879592896
214.88893127441406 1772.48046875 202.6986846923828 0.34670618176460266 -0.633495569229126 0.5040980577468872 -0.47367003560066223
224.90023803710938 1781.150390625 268.9075012207031 0.43144670128822327 -0.5599266886711121 0.4200051426887512 -0.5691497921943665
448.8403015136719 1822.980224609375 290.4595642089844 0.5210145711898804 -0.594641387462616 0.28711432218551636 -0.5408429503440857
444.8175964355469 1927.7828369140625 351.3202209472656 0.5180602669715881 -0.5901460647583008 0.24970901012420654 -0.5665567517280579
391.8761291503906 1927.01708984375 450.534423828125 0.6154869198799133 -0.38728460669517517 0.11223956197500229 -0.6771917939186096
331.2558898925781 1941.9857177734375 484.2229309082031 0.6077356338500977 -0.2767202854156494 -0.04253162071108818 -0.743152379989624
